[gd_scene load_steps=2 format=2]

[ext_resource path="res://Lakes/lake_eyre_big.jpg" type="Texture" id=1]

[node name="LakeEyreBig" type="Sprite"]
position = Vector2( 526, 305 )
scale = Vector2( 0.598446, 0.615285 )
texture = ExtResource( 1 )

[node name="StaticBody2D" type="StaticBody2D" parent="."]

[node name="CollisionPolygon2D" type="CollisionPolygon2D" parent="StaticBody2D"]
polygon = PoolVector2Array( -228.926, -91.0148, -240.623, -112.143, -230.597, -152.775, -230.597, -206.409, -240.623, -269.794, -212.216, -217.785, -208.874, -169.027, -202.19, -123.52, -177.126, -82.8885, -138.693, -48.758, -138.693, -84.5138, -113.628, -110.518, -88.5627, -128.396, -91.9047, -154.4, -75.1948, -157.651, -43.4459, -120.27, -33.4199, -173.903, -15.0389, -170.653, 0, -112.143, 41.7749, -102.392, 103.602, -53.6338, 110.286, 19.503, 88.5628, 68.261, 36.7619, 61.7599, 36.7619, 61.7599, 13.368, 35.7557, -25.0649, 11.3767, -58.4848, -30.8801, -58.4848, -69.8864, -90.2338, -74.7622, -90.2338, -39.0064, -65.1688, -11.377, -41.7749, 27.6294, -25.0649, 48.7578, -21.7229, 89.3894, -38.4329, 97.5157, -65.1688, 43.882, -85.2208, 29.2546, -95.2468, 8.12622, -103.602, -16.2527, -115.299, -0.00012207, -126.996, 27.6294, -118.641, 63.3852, -128.667, 89.3894, -173.784, 79.6378, -210.545, 45.5072, -217.229, -3.25064, -205.532, -27.6296, -230.597, -47.1328 )

[node name="CollisionPolygon2D2" type="CollisionPolygon2D" parent="StaticBody2D"]
polygon = PoolVector2Array( -63.4978, 222.661, -68.5108, 183.655, -15.0389, 170.652, 35.0909, 164.151, 61.8268, 141.398, 76.8658, 138.147, 96.9178, 100.766, 118.641, 97.5157, 110.286, 160.901, 71.8528, 199.907, 60.1559, 232.413, 36.7619, 256.791, 11.697, 256.791, -11.697, 274.669, -11.697, 294.173, -48.4589, 289.297, -66.8398, 264.918 )
